--------------------------------------------------------------
x = 0.3960193994044071
y = 0.10195048882061931
k = 500.0
g = 9.8
x_spring = 0.05
D or ND = ND